1
2
4
5
6
7
11
20
35
85
118
141
178
222
405
410
419
430
431
438
439
538
560
571
710
715
729
741
743
744
746
747
748
749
750
751
752
753
754
755
756
757
782
875
878
899
901
906
908
919
922
944
964
984
987
992
1005
1006
1007
1013
1018
1020
1024
1025
1028
1029
1036
1037
1038
1045
1046
1049
1054
1057
1059
1073
1076
1087
1088
1091
1093
1094
1095
1098
1108
1109
1115
1116
1124
1126
1132
1133
1139
1144
1148
1153
1163
1176
1179
1189
1193
1197
1199
1202
1206
1208
1213
1220
1222
1224
1225
1227
1231
1237
1245
1248
1252
1255
1258
1260
1263
1266
1270
1283
1286
1295
1297
1300
1301
1306
1316
1331
1345
1357
1358
1368
1369
1370
1375
1397
1398
1455
1545
1564
1587
1639
1647
1672
1684
1687
1691
1737
1758
1764
1776
1790
1792
1794
1797
1799
1800
1801
1807
1808
1809
1810
1819
1821
1827
1829
1836
1840
1844
1845
1848
1853
1855
1856
1857
1858
1859
1861
1863
1865
1867
1869
1872
1876
1881
1886
1889
1891
1893
1898
1900
1902
1905
1908
1911
1914
1915
1916
1917
1918
1920
1922
1924
1926
1930
1933
1934
1935
1936
1937
1943
1949
1951
1955
1958
1959
1960
1961
1967
1976
1982
1988
1992
1994
1997
2005
2018
2022
2025
2032
2048
2049
2050
2051
2073
2080
2082
2094
2095
2104
2105
2107
2122
2126
2128
2130
2131
2136
2169
2170
2182
2183
2230
2236
2290
2297
2313
2314
2324
2342
2404
2411
2413
2505
2528
2563
2573
2586
2649
2659
2773
2793
2807
2811
2846
2858
2872
2888
2889
2893
2904
2910
2911
2912
2915
2939
2941
2950
2956
2980
3099
3107
3109
3110
3111
3112
3115
3116
3122
3130
3131
3132
3133
3134
3135
3139
3144
3145
3146
3147
3148
3149
3150
3151
3152
3153
3154
3155
3156
3170
3174
3179
3181
3182
3190
3209
3211
3226
3227
3228
3239
3243
3245
3246
3247
3248
3263
3293
3301
3326
3336
3366
3368
3371
3373
3374
3375
3376
3378
3379
3380
3382
3383
3386
3407
3408
3411
3423
3425
3429
3434
3435
3440
3442
3453
3455
3456
3457
3495
3523
3524
3525
3526
3528
3529
3530
3533
3541
3542
3543
3544
3545
3546
3548
3551
3553
3554
3556
3563
3566
3568
3570
3571
3572
3575
3577
3583
3591
3604
3611
3619
3620
3630
3637
3639
3642
3643
3648
3649
3650
3656
3657
3658
3663
3665
3671
3672
3678
3683
3687
3719
3727
3729
3730
3733
3743
3745
3746
3752
3757
3764
3765
3778
3782
3783
3784
3787
3789
3809
3810
3811
3820
3826
3829
3839
3843
3853
3854
3861
3865
3869
3870
3872
3878
3882
3905
3929
3930
3931
3934
3936
3937
3938
3948
3955
3970
3975
4007
4021
4026
4030
4031
4033
4042
4057
4066
4067
4073
4090
4095
4107
4110
4111
4113
4120
4121
4122
4123
4138
4140
4142
4148
4150
4153
4154
4161
4171
4207
4217
4226
4234
4241
4250
4258
4260
4261
4262
4268
4269
4271
4272
4284
4285
4286
4287
4290
4295
4297
4317
4347
4351
4355
4356
4406
4410
4414
4417
4422
4438
4460
4475
4477
4480
4481
4482
4483
4487
4489
4493
4495
4499
4501
4503
4505
4507
4508
4509
4510
4514
4515
4517
4519
4525
4528
4532
4536
4548
4549
4581
4582
4583
4584
4588
4590
4592
4601
4617
4618
4620
4621
4622
4623
4624
4625
4626
4628
4630
4650
4658
4665
4676
4732
4771
4813
4827
4853
4953
4982
4987
5003
5021
5027
5054
5056
5120
5121
5138
5142
5146
5150
5159
5160
5213
5214
5220
5227
5233
5235
5237
5246
5253
5258
5261
5266
5275
5320
5323
5325
5334
5349
5367
5385
5405
5439
5442
5443
5444
5461
5462
5464
5474
5476
5485
5487
5488
5493
5494
5495
5496
5497
5498
5516
5517
5518
5519
5520
5522
5526
5527
5531
5546
5547
5549
5551
5560
5568
5580
5582
5592
5612
5615
5616
5632
5648
5649
5654
5659
5668
5709
5716
5717
5722
5723
5724
5726
5729
5730
5733
5736
5780
5784
5818
5822
5852
5860
5864
5867
5890
5895
5902
5914
5917
5919
5937
5953
5967
5968
5973
5985
5986
6005
6008
6009
6034
6040
6055
6060
6071
6072
6081
6094
6101
6102
6113
6132
6137
6150
6151
6159
6160
6161
6163
6169
6174
6177
6178
6179
6180
6181
6211
6220
6237
6239
6241
6242
6243
6245
6272
6273
6300
6310
6340
6346
6356
6357
6358
6359
6360
6361
6362
6363
6364
6382
6383
6384
6385
6386
6387
6388
6389
6390
6391
6407
6408
6409
6410
6421
6422
6434
6436
6454
6455
6456
6468
6469
6477
6484
6501
6505
6508
6515
6521
6523
6537
6538
6539
6540
6542
6543
6559
6560
6565
6569
6579
6580
6581
6582
6587
6588
6590
6622
6636
6637
6638
6639
6640
6641
6642
6643
6644
6645
6646
6647
6653
6654
6660
6670
6780
6781
6782
6808
6822
6823
6824
6831
6834
6837
6843
6845
6860
6876
6907
6913
6924
6931
6932
6975
6982
6988
6996
7067
7117
7125
7127
7130
7132
7134
7136
7140
7141
7142
7144
7169
7170
7171
7174
7191
7207
7215
7217
7221
7235
7236
7237
7238
7239
7240
7241
7242
7243
7246
7259
7260
7261
7262
7263
7264
7265
7266
7267
7268
7269
7270
7271
7272
7279
7280
7286
7297
7313
7317
7319
7334
7335
7337
7346
7374
7378
7383
7414
7416
7420
7432
7434
7445
7457
7458
7459
7464
7465
7469
7476
7481
7484
7494
7537
7539
7562
7566
7573
7575
7581
7616
7627
7632
7639
7665
7676
7687
7702
7747
7751
7752
7790
7852
7854
7902
8034
8051
8190
8206
8212
8214
8215
8228
8234
8237
8238
8239
8242
8246
8251
8254
8266
8268
8269
8271
8281
8286
8298
8303
8305
8312
8313
8320
8321
8323
8326
8366
8369
8423
8425
8429
8433
8437
8441
8452
8455
8465
8520
8536
8541
8545
8565
8566
8571
8577
8582
8602
8610
8612
8628
8633
8661
8666
8667
8672
8685
8702
8703
8740
8741
8762
8763
8773
8795
8814
8841
8874
8881
8887
8888
8890
8911
8920
8927
8932
8939
8940
8941
8946
8995
9026
9036
9053
9079
9080
9131
9193
9203
9214
9293
9315
9317
9322
9363
9461
9464
9517
9524
9529
9533
9541
9547
9550
9551
9553
9554
9577
9585
9587
9590
9593
9694
9697
9699
9703
9712
9758
9889
9892
9898
9899
9901
9905
9907
9909
9916
9922
9927
9935
9936
9942
9948
9950
9951
9953
10072
10087
10094
10123
10125
10127
10138
10140
10144
10150
10154
10187
10296
10297
10310
10315
10318
10335
10350
10513
10531
10537
10542
10553
10555
10564
10572
10580
10587
10593
10594
10600
10602
10604
10627
10680
10693
10751
10753
10755
10790
10807
10811
10814
10828
10907
10929
10931
10945
10946
10974
10985
11009
11010
11014
11015
11022
11024
11028
11043
11045
11071
11077
11078
11090
11098
11099
11109
11110
11111
11113
11114
11115
11119
11121
11159
11171
11214
11217
11258
11378
11395
11404
11522
11523
11524
11526
11600
11663
11697
11722
11733
11763
11785
11871
11883
11885
11886
11889
11890
11907
11920
11971
11972
11976
12006
12008
12037
12051
12053
12079
12087
12088
12169
12191
12250
12253
12256
12258
12267
12270
12279
12280
12287
12297
12301
12302
12303
12323
12330
12332
12333
12341
12346
12360
12363
12367
12377
12380
12382
12391
12415
12428
12446
12447
12448
12449
12450
12540
12593
12594
12712
12834
12887
12936
12951
13010
13013
13022
13024
13026
13158
13170
13175
13226
13255
13388
13439
13445
13475
13495
13509
13541
13582
13583
13584
13585
13586
13588
13590
13591
13592
13593
13594
13595
13596
13597
13598
13599
13602
13623
13624
13628
13632
13641
13652
13658
13659
13661
13671
13673
13676
13678
13682
13684
13688
13696
13698
13700
13704
13706
13725
13732
13733
13739
13755
13756
13757
13758
13766
13772
13773
13776
13779
13782
13785
13790
13865
13867
13874
13876
13878
13880
13903
13905
13906
13910
13915
13918
13922
13924
13937
13940
13979
13983
13988
13990
13991
13993
13995
13997
14006
14023
14032
14034
14038
14040
14047
14048
14050
14054
14055
14056
14058
14064
14084
14086
14087
14092
14093
14094
14097
14098
14101
14103
14125
14149
14163
14260
14308
14436
14467
14474
14490
14496
14546
14627
14634
14639
14640
14646
14674
14676
14681
14683
14691
14694
14698
14715
14722
14724
14735
14740
14743
14744
14746
14747
14749
14759
14767
14768
14769
14771
14772
14773
14774
14781
14782
14792
14796
14797
14798
14799
14800
14801
14802
14803
14807
14812
14850
14851
14852
14853
14854
14855
14856
14857
14858
14859
14861
14863
14865
14866
14867
14868
14869
14870
14871
14872
14873
14874
14876
14878
14880
14882
14884
14885
14886
14887
14888
14889
14890
14891
14892
14893
14894
14896
14898
14903
14905
14928
14933
14938
14939
14943
14944
14950
14951
14952
14959
14968
14981
14991
15001
15005
15014
15015
15017
15022
15037
15040
15046
15050
15051
15053
15055
15066
15067
15085
15087
15105
15106
15108
15119
15125
15127
15142
15155
15165
15172
15180
15224
15226
15254
15292
15317
15331
15364
15408
15410
15417
15426
15428
15432
15434
15436
15439
15441
